354 
578 
354 
681 
355 
678 
358 
680 
359 
679 
354 
681 
353 
680 
353 
679 
353 
581 
360 
677 
357 
679 
354 
680 
353 
681 
352 
679 
353 
679 
352 
680 
353 
581 
356 
677 
358 
675 
358 
673 
359 
675 
359 
679 
355 
678 
355 
681 
353 
679 
354 
679 
353 
678 
353 
679 
352 
679 
353 
679 
352 
680 
352 
680 
352 
680 
352 
679 
352 
680 
352 
681 
352 
679 
351 
680 
353 
679 
353 
680 
352 
680 
352 
581 
579 
254 
680 
351 
578 
353 
676 
354 
669 
359 
672 
351 
680 
352 
679 
352 
681 
353 
680 
351 
679 
352 
578 
354 
679 
352 
676 
355 
676 
356 
677 
355 
673 
358 
675 
254 
673 
358 
674 
358 
572 
358 
673 
353 
679 
352 
682 
350 
680 
352 
677 
355 
668 
359 
672 
351 
679 
352 
677 
354 
672 
357 
670 
358 
673 
351 
679 
351 
680 
351 
679 
353 
677 
354 
677 
356 
676 
355 
678 
355 
678 
355 
677 
354 
674 
357 
669 
359 
672 
351 
679 
352 
677 
353 
673 
358 
669 
355 
574 
352 
680 
351 
678 
353 
673 
254 
674 
359 
673 
359 
673 
356 
676 
355 
677 
356 
677 
352 
678 
352 
678 
253 
678 
355 
673 
359 
670 
358 
672 
352 
679 
352 
679 
352 
681 
353 
680 
352 
680 
352 
677 
355 
677 
355 
673 
254 
673 
351 
581 
351 
680 
352 
680 
352 
680 
352 
680 
353 
680 
352 
680 
352 
679 
354 
676 
354 
674 
358 
671 
359 
671 
354 
677 
351 
581 
352 
680 
351 
579 
353 
680 
352 
680 
352 
678 
353 
673 
358 
674 
358 
676 
357 
677 
355 
674 
254 
672 
353 
679 
350 
678 
353 
669 
358 
672 
352 
678 
352 
580 
352 
680 
351 
673 
358 
669 
358 
671 
351 
678 
253 
672 
358 
580 
353 
669 
354 
475 
351 
676 
353 
669 
357 
672 
351 
676 
354 
668 
351 
679 41 
354 
668 
350 
679 
352 
670 
358 
670 
351 
679 
352 
672 
358 
669 
351 
679 
351 
668 
357 
673 
351 
675 
355 
580 
353 
670 
357 
673 
351 
676 
354 
580 
354 
668 
358 
671 
350 
676 
355 
669 
358 
673 
350 
680 
351 
675 
355 
668 
359 
672 
352 
679 
351 
678 
353 
677 
355 
673 
357 
670 
355 
675 
351 
679 
352 
677 
355 
673 
358 
669 
358 
673 
352 
581 
350 
577 
353 
669 
359 
672 
350 
680 
350 
580 
353 
669 
359 
671 
350 
679 
352 
677 
354 
677 
356 
669 
358 
672 
351 
680 
352 
679 
351 
669 
359 
671 
355 
676 
352 
580 
352 
680 
352 
679 
353 
676 
354 
674 
357 
674 
358 
674 
358 
674 
357 
675 
357 
670 
359 
672 
351 
680 
351 
679 
352 
669 
359 
571 
350 
678 
253 
678 
353 
668 
358 
673 
356 
675 
350 
678 
253 
669 
359 
671 
352 
679 
351 
672 
357 
580 
353 
668 
350 
679 
352 
675 
354 
668 
351 
580 
350 
676 
354 
670 
358 
672 
351 
677 
353 
668 
350 
678 
351 
669 
358 
670 
351 
675 
355 
670 
359 
671 
351 
677 
354 
673 
358 
670 
356 
674 
350 
673 
357 
668 
350 
680 
351 
676 
355 
678 
355 
673 
253 
672 
352 
679 
351 
677 
254 
670 
358 
673 
351 
679 
351 
676 
355 
674 
357 
670 
355 
675 
351 
675 
354 
667 
351 
675 
355 
668 
354 
676 
254 
677 
254 
679 
351 
672 
358 
669 
358 
673 
352 
678 
352 
678 
352 
674 
358 
669 
355 

